[]
[-1.73070636 -1.73070636 -1.73070636 -1.73070636 -1.73070636]
[]
[-1.73070636 -1.73070636 -1.73070636 -1.73070636 -1.73070636]
[]
[-1.73070636 -1.73070636 -1.73070636 -1.73070636 -1.73070636]
[]
[-1.73070636 -1.73070636 -1.73070636 -1.73070636 -1.73070636]
[]
[-1.73070636 -1.73070636 -1.73070636 -1.73070636 -1.73070636]
[]
[-1.73070636 -1.73070636 -1.73070636 -1.73070636 -1.73070636]
[]
[-1.73070636 -1.73070636 -1.73070636 -1.73070636 -1.73070636]
[]
[-1.73070636 -1.73070636 -1.73070636 -1.73070636 -1.73070636]
[]
[-1.73070636 -1.73070636 -1.73070636 -1.73070636 -1.73070636]
[]
[-1.73070636 -1.73070636 -1.73070636 -1.73070636 -1.73070636]
[]
[-1.73070636 -1.73070636 -1.73070636 -1.73070636 -1.73070636]
[]
[-1.73070636 -1.73070636 -1.73070636 -1.73070636 -1.73070636]
[]
[-1.73070636 -1.73070636 -1.73070636 -1.73070636 -1.73070636]
[]
[-1.73070636 -1.73070636 -1.73070636 -1.73070636 -1.73070636]
[]
[-1.73070636 -1.73070636 -1.73070636 -1.73070636 -1.73070636]
[]
[-1.73070636 -1.73070636 -1.73070636 -1.73070636 -1.73070636]
[]
[-1.73070636 -1.73070636 -1.73070636 -1.73070636 -1.73070636]
[]
[-1.73070636 -1.73070636 -1.73070636 -1.73070636 -1.73070636]
[]
[-1.73070636 -1.73070636 -1.73070636 -1.73070636 -1.73070636]
[]
[-1.73070636 -1.73070636 -1.73070636 -1.73070636 -1.73070636]
[]
[-1.73070636 -1.73070636 -1.73070636 -1.73070636 -1.73070636]
[]
[-1.73070636 -1.73070636 -1.73070636 -1.73070636 -1.73070636]
[]
[-1.73070636 -1.73070636 -1.73070636 -1.73070636 -1.73070636]
[]
[-1.73070636 -1.73070636 -1.73070636 -1.73070636 -1.73070636]
[]
[-1.73070636 -1.73070636 -1.73070636 -1.73070636 -1.73070636]
[]
[-1.73070636 -1.73070636 -1.73070636 -1.73070636 -1.73070636]
[]
[-1.73070636 -1.73070636 -1.73070636 -1.73070636 -1.73070636]
