$coord
    0.00000000000000      2.68673819497727      0.01299104725543      c
    0.00000000000000      1.31646208389457     -2.25907726110522      c
    0.00000000000000     -1.31646208389457     -2.25907726110522      c
    0.00000000000000     -2.68673819497727      0.01299104725543      c
    0.00000000000000     -1.32131621310295      2.27629754894597      c
    0.00000000000000      1.32131621310295      2.27629754894597      c
    0.00000000000000      5.53386506184282     -0.00165486485627      c
    0.00000000000000     -5.53386506184282     -0.00165486485627      c
    0.00000000000000      2.33599210624993     -4.05420419327648      h
    0.00000000000000     -2.33599210624993     -4.05420419327648      h
    0.00000000000000     -2.34367121952440      4.06923527613470      h
    0.00000000000000      2.34367121952440      4.06923527613470      h
    0.00000000000000      6.29223524533602      1.93072941624223      h
   -1.67352314164156      6.27997657379230     -0.98715848467016      h
    1.67352314164156      6.27997657379230     -0.98715848467016      h
    0.00000000000000     -6.29223524533602      1.93072941624223      h
   -1.67352314164156     -6.27997657379230     -0.98715848467016      h
    1.67352314164156     -6.27997657379230     -0.98715848467016      h
$redundant
     number_of_atoms            18
     degrees_of_freedom         16
     internal_coordinates       16
     frozen_coordinates          0
# definitions of redundant internals
   1 k  1.0000000000000 stre    2    9           val=   2.06444
   2 k  1.0000000000000 stre    5   11           val=   2.06394
   3 k  1.0000000000000 stre    1    7           val=   2.84716
   4 k  1.0000000000000 stre    1    6           val=   2.64328
   5 k  1.0000000000000 stre    6    5           val=   2.64263
   6 k  1.0000000000000 stre    3    2           val=   2.63292
   7 k  1.0000000000000 stre    7   13           val=   2.07587
   8 k  1.0000000000000 stre    4    3           val=   2.65329
   9 k  0.4282209514999 bend   14   13    7      val=   1.48431
        0.4282209514999 bend   15   13    7
        0.4031374899246 bend   15   14    7
       -0.3907661744357 bend    1   13    7
       -0.3987703565507 bend    1   14    7
       -0.3987703565507 bend    1   15    7
  10 k  1.0000000000000 stre    7   14           val=   2.08052
  11 k -0.3282030226662 bend   14   13    7      val=   0.22634
       -0.3282030226661 bend   15   13    7
        0.6871319050855 bend   15   14    7
       -0.4627862064819 bend    1   13    7
        0.2216350873951 bend    1   14    7
        0.2216350873951 bend    1   15    7
  12 k -0.7071067811865 bend    6   11    5      val=  -0.24332
        0.7071067811865 bend    4   11    5
  13 k -0.7071067811865 bend    3    9    2      val=  -0.14112
        0.7071067811865 bend    1    9    2
  14 k -0.5000000000000 bend    1    5    6      val=  -1.64703
       -0.5000000000000 bend    6    4    5
        1.0000000000000 bend    5    3    4
       -0.5000000000000 bend    4    2    3
       -0.5000000000000 bend    3    1    2
        1.0000000000000 bend    2    6    1
  15 k  0.7071067811865 bend    6    7    1      val=   0.29872
       -0.7071067811865 bend    2    7    1
  16 k  0.2264983010265 bend   14   13    7      val=   0.45516
        0.2264983010265 bend   15   13    7
       -0.4579427005901 bend   15   14    7
       -0.6737547512660 bend    1   13    7
        0.3418625874434 bend    1   14    7
        0.3418625874434 bend    1   15    7
        16 non zero eigenvalues  of BmBt
           1           4.477522256    1    0
         1
           2           3.774080364    2    0
         2
           3           3.543454547    3    0
         3
           4           3.330451371    4    0
         4
           5           2.792487057    5    0
         5
           6           2.365059228    6    0
         6
           7           1.431334987    7    0
         7
           8           1.251914353    8    0
         8
           9           0.840471856    9    0
         9
          10           0.682504578   10    0
        10
          11           0.372795980   11    0
        11
          12           0.354666235   12    0
        12
          13           0.337460705   13    0
        13
          14           0.320170077   14    0
        14
          15           0.088869576   15    0
        15
          16           0.040703854   16    0
        16
$user-defined bonds
$end
