$coord
    0.00000000000000      0.00000000000000     -1.47807934191286      c
    0.00000000000000      0.00000000000000      1.47807934191286      c
    2.14835190336600     -1.63599355693769     -2.52617919842986      c
    0.34263602905270      2.67852410305245     -2.52617919842986      c
   -2.49098793241870     -1.04253054611476     -2.52617919842986      c
    2.14835190336600      1.63599355693769      2.52617919842986      c
    0.34263602905270     -2.67852410305245      2.52617919842986      c
   -2.49098793241870      1.04253054611476      2.52617919842986      c
    3.97102774120850     -1.14578623404091     -1.69324181759085      h
    1.80733987079338     -3.64363307102095     -2.20273286072211      h
    2.29870905388167     -1.35126588264652     -4.56629756232587      h
    2.25180886617656      3.38701877689003     -2.20273286072211      h
    0.02087605469825      2.66637337789408     -4.56629756232587      h
   -0.99323388461832      4.01190402003975     -1.69324181759085      h
   -2.97779385659018     -2.86611778599884     -1.69324181759085      h
   -4.05914873696994      0.25661429413092     -2.20273286072211      h
   -2.31958510857992     -1.31510749524756     -4.56629756232587      h
    3.97102774120850      1.14578623404091      1.69324181759085      h
    1.80733987079338      3.64363307102095      2.20273286072211      h
    2.29870905388167      1.35126588264652      4.56629756232587      h
    2.25180886617656     -3.38701877689003      2.20273286072211      h
    0.02087605469825     -2.66637337789408      4.56629756232587      h
   -0.99323388461832     -4.01190402003975      1.69324181759085      h
   -2.97779385659018      2.86611778599884      1.69324181759085      h
   -4.05914873696994     -0.25661429413092      2.20273286072211      h
   -2.31958510857992      1.31510749524756      4.56629756232587      h
$redundant
     number_of_atoms            26
     degrees_of_freedom         13
     internal_coordinates       13
     frozen_coordinates          0
# definitions of redundant internals
   1 k  1.0000000000000 stre    3   10           val=   2.06192
   2 k  1.0000000000000 stre    3    9           val=   2.06306
   3 k  1.0000000000000 stre    3   11           val=   2.06537
   4 k  1.0000000000000 stre    1    2           val=   2.95616
   5 k  0.4503827937645 bend    9   10    3      val=   1.41855
        0.4015170099203 bend   11   10    3
        0.4054766597056 bend   11    9    3
       -0.3942652745704 bend    1   10    3
       -0.3929036654761 bend    1    9    3
       -0.4021314600761 bend    1   11    3
   6 k -0.6735885491732 bend    9   10    3      val=   1.19002
        0.3331217866023 bend   11   10    3
        0.4041314860482 bend   11    9    3
       -0.2427751838119 bend    1   10    3
       -0.1978394766406 bend    1    9    3
        0.4170201857294 bend    1   11    3
   7 k  1.0000000000000 stre    1    5           val=   2.89662
   8 k -0.0376530684593 bend    9   10    3      val=   0.18328
        0.6099579558880 bend   11   10    3
       -0.5634795268295 bend   11    9    3
        0.3781743212112 bend    1   10    3
       -0.4066590204452 bend    1    9    3
        0.0252385656411 bend    1   11    3
   9 k  1.0000000000000 tors   10    3    1    2 val=  69.45881
        1.0000000000000 tors   10    3    1    4
        1.0000000000000 tors   10    3    1    5
        1.0000000000000 tors    9    3    1    2
        1.0000000000000 tors    9    3    1    4
        1.0000000000000 tors    9    3    1    5
        1.0000000000000 tors   11    3    1    2
        1.0000000000000 tors   11    3    1    4
        1.0000000000000 tors   11    3    1    5
  10 k  0.4203502613345 bend    5    4    1      val=   1.52626
        0.4203502613345 bend    3    4    1
        0.4203502613345 bend    3    5    1
       -0.3957764408468 bend    2    4    1
       -0.3957764408468 bend    2    5    1
       -0.3957764408468 bend    2    3    1
  11 k  1.0000000000000 tors    4    1    2    6 val=  74.57934
        1.0000000000000 tors    4    1    2    7
        1.0000000000000 tors    4    1    2    8
        1.0000000000000 tors    5    1    2    6
        1.0000000000000 tors    5    1    2    7
        1.0000000000000 tors    5    1    2    8
        1.0000000000000 tors    3    1    2    6
        1.0000000000000 tors    3    1    2    7
        1.0000000000000 tors    3    1    2    8
  12 k  0.4174225020299 bend    9   10    3      val=  -0.47691
       -0.2640183758629 bend   11   10    3
       -0.1695260570578 bend   11    9    3
       -0.2710450434482 bend    1   10    3
       -0.4085065163009 bend    1    9    3
        0.6978328442730 bend    1   11    3
  13 k  0.0489313201769 bend    9   10    3      val=   0.02496
        0.3653592702481 bend   11   10    3
       -0.4150607339041 bend   11    9    3
       -0.6247195606544 bend    1   10    3
        0.5428073717864 bend    1    9    3
        0.0832378783405 bend    1   11    3
        13 non zero eigenvalues  of BmBt
           1           4.327100537    1    0
         1
           2           3.890657818    2    0
         2
           3           3.183082454    3    0
         3
           4           2.443150812    4    0
         4
           5           0.883758385    5    0
         5
           6           0.841969949    6    0
         6
           7           0.693587527    7    0
         7
           8           0.677617834    8    0
         8
           9           0.422122388    9    0
         9
          10           0.310286657   10    0
        10
          11           0.154749129   11    0
        11
          12           0.085833258   12    0
        12
          13           0.029965854   13    0
        13
$user-defined bonds
$end
