$coord
   -2.65430198986241      0.00000000000000      0.00000000000000      c
    2.65430198986241      0.00000000000000      0.00000000000000      c
   -1.36159508253642     -2.30597037599152      0.00000000000000      c
    1.36159508253642      2.30597037599152      0.00000000000000      c
   -1.36159508253642      2.30597037599152      0.00000000000000      c
    1.36159508253642     -2.30597037599152      0.00000000000000      c
   -4.70310708254382      0.00000000000000      0.00000000000000      h
    4.70310708254382      0.00000000000000      0.00000000000000      h
   -2.65577378894885     -4.66229575041726      0.00000000000000      c
    2.65577378894885      4.66229575041726      0.00000000000000      c
   -2.65577378894885      4.66229575041726      0.00000000000000      c
    2.65577378894885     -4.66229575041726      0.00000000000000      c
   -1.34107377427652     -6.89853099781233      0.00000000000000      c
    1.34107377427652      6.89853099781233      0.00000000000000      c
   -1.34107377427652      6.89853099781233      0.00000000000000      c
    1.34107377427652     -6.89853099781233      0.00000000000000      c
   -4.70153615782784     -4.66052617732141      0.00000000000000      h
    4.70153615782784      4.66052617732141      0.00000000000000      h
   -4.70153615782784      4.66052617732141      0.00000000000000      h
    4.70153615782784     -4.66052617732141      0.00000000000000      h
   -2.35177317390589     -8.67378650579427      0.00000000000000      h
    2.35177317390589      8.67378650579427      0.00000000000000      h
   -2.35177317390589      8.67378650579427      0.00000000000000      h
    2.35177317390589     -8.67378650579427      0.00000000000000      h
$redundant
     number_of_atoms            24
     degrees_of_freedom         12
     internal_coordinates       12
     frozen_coordinates          0
# definitions of redundant internals
   1 k  1.0000000000000 stre   10   14           val=   2.59407
   2 k  1.0000000000000 stre    4   10           val=   2.68834
   3 k  1.0000000000000 stre   13   21           val=   2.04280
   4 k  1.0000000000000 stre    9   17           val=   2.04576
   5 k  1.0000000000000 stre   13   16           val=   2.68215
   6 k  1.0000000000000 stre    1    7           val=   2.04881
   7 k  1.0000000000000 stre    3    6           val=   2.72319
   8 k  0.7071067811865 bend   13   17    9      val=   0.88677
       -0.7071067811865 bend    3   17    9
   9 k  1.0000000000000 stre    6    2           val=   2.64359
  10 k  0.7071067811865 bend    9   21   13      val=   0.12021
       -0.7071067811865 bend   16   21   13
  11 k -0.5000000000000 bend    1    6    3      val=   1.08808
       -0.5000000000000 bend    3    2    6
        1.0000000000000 bend    6    4    2
       -0.5000000000000 bend    2    5    4
       -0.5000000000000 bend    4    1    5
        1.0000000000000 bend    5    3    1
  12 k -0.5000000000000 bend    6    9    3      val=  -0.28921
       -0.5000000000000 bend    3   13    9
        1.0000000000000 bend    9   16   13
       -0.5000000000000 bend   13   12   16
       -0.5000000000000 bend   16    6   12
        1.0000000000000 bend   12    3    6
        12 non zero eigenvalues  of BmBt
           1           4.202284849    1    0
         1
           2           3.602362747    2    0
         2
           3           3.492157764    3    0
         3
           4           2.704050271    4    0
         4
           5           2.066618813    5    0
         5
           6           1.865318683    6    0
         6
           7           1.153011515    7    0
         7
           8           0.386400498    8    0
         8
           9           0.346657168    9    0
         9
          10           0.325291377   10    0
        10
          11           0.256144461   11    0
        11
          12           0.072154652   12    0
        12
$user-defined bonds
$end
