$coord
   -8.42906726792371     -0.50685360354785      0.00000000000000      c
   -5.98272469198327      1.01405603367231      0.00000000000000      c
   -3.63574237133041     -0.65521350484313      0.00000000000000      c
   -1.17249224414226      0.83573198687852      0.00000000000000      c
    1.17249224414226     -0.83573198687852      0.00000000000000      c
    3.63574237133041      0.65521350484313      0.00000000000000      c
    5.98272469198327     -1.01405603367231      0.00000000000000      c
    8.42906726792371      0.50685360354785      0.00000000000000      c
  -10.08545056110654      0.71990189016964      0.00000000000000      h
   -8.53638759674950     -1.71748743405413     -1.66657845920882      h
   -8.53638759674950     -1.71748743405413      1.66657845920882      h
   -5.92982746947456      2.24653286192231      1.65854269640428      h
   -5.92982746947456      2.24653286192231     -1.65854269640428      h
   -3.68035469173524     -1.89028402392402      1.66006925656190      h
   -3.68035469173524     -1.89028402392402     -1.66006925656190      h
   -1.12521678629703      2.07015416073293      1.66023924286326      h
   -1.12521678629703      2.07015416073293     -1.66023924286326      h
    1.12521678629703     -2.07015416073293      1.66023924286326      h
    1.12521678629703     -2.07015416073293     -1.66023924286326      h
    3.68035469173524      1.89028402392402      1.66006925656190      h
    3.68035469173524      1.89028402392402     -1.66006925656190      h
    5.92982746947456     -2.24653286192231      1.65854269640428      h
    5.92982746947456     -2.24653286192231     -1.65854269640428      h
    8.53638759674950      1.71748743405413      1.66657845920882      h
   10.08545056110654     -0.71990189016964      0.00000000000000      h
    8.53638759674950      1.71748743405413     -1.66657845920882      h
$user-defined bonds
$redundant
     number_of_atoms            26
     degrees_of_freedom         21
     internal_coordinates       21
     frozen_coordinates          0
# definitions of redundant internals
   1 k  1.0000000000000 stre    1    9           val=   2.06120
   2 k  1.0000000000000 stre    3    2           val=   2.88007
   3 k  1.0000000000000 stre    4    5           val=   2.87971
   4 k  1.0000000000000 stre    2    1           val=   2.88058
   5 k  1.0000000000000 stre    4    3           val=   2.87933
   6 k  0.4233643688750 bend   10    9    1      val=   1.38560
        0.4233643688750 bend   11    9    1
        0.4106367697966 bend   11   10    1
       -0.3960325937541 bend    2    9    1
       -0.3975304078366 bend    2   10    1
       -0.3975304078366 bend    2   11    1
   7 k  0.0011697135974 bend   17   16    4      val=   0.01997
       -0.5000835381191 bend    3   16    4
       -0.5000835381191 bend    3   17    4
        0.4999157636916 bend    5   16    4
        0.4999157636916 bend    5   17    4
   8 k  1.0000000000000 stre    3   15           val=   2.06959
   9 k  1.0000000000000 stre    4   17           val=   2.06940
  10 k  1.0000000000000 stre    2   13           val=   2.06702
  11 k  1.0000000000000 stre    1   10           val=   2.06268
  12 k  0.0011439360595 bend   15   14    3      val=   0.02132
        0.4999377970828 bend    4   14    3
        0.4999377970828 bend    4   15    3
       -0.5000615409658 bend    2   14    3
       -0.5000615409658 bend    2   15    3
  13 k  0.0169405815145 bend   13   12    2      val=   0.29580
        0.4987970272003 bend    3   12    2
        0.4987970272003 bend    3   13    2
       -0.5010569169317 bend    1   12    2
       -0.5010569169317 bend    1   13    2
  14 k -0.3361501310492 bend   10    9    1      val=   0.36797
       -0.3361501310492 bend   11    9    1
        0.6896927665127 bend   11   10    1
       -0.4477088958921 bend    2    9    1
        0.2212315655036 bend    2   10    1
        0.2212315655036 bend    2   11    1
  15 k  0.9044799857594 bend   13   12    2      val=   1.91223
       -0.2212464598139 bend    3   12    2
       -0.2212464598139 bend    3   13    2
       -0.2049584877485 bend    1   12    2
       -0.2049584877485 bend    1   13    2
  16 k  0.9063441467718 bend   15   14    3      val=   2.53767
       -0.2118139814012 bend    4   14    3
       -0.2118139814012 bend    4   15    3
       -0.2107248943273 bend    2   14    3
       -0.2107248943273 bend    2   15    3
  17 k  0.9061782262616 bend   17   16    4      val=   2.49389
       -0.2108817808828 bend    3   16    4
       -0.2108817808828 bend    3   17    4
       -0.2120127015450 bend    5   16    4
       -0.2120127015450 bend    5   17    4
  18 k  1.0000000000000 bend    5    3    4      val= 113.33389
  19 k -0.2209717349205 bend   10    9    1      val=   0.26373
       -0.2209717349205 bend   11    9    1
        0.4479528978459 bend   11   10    1
        0.6821546123070 bend    2    9    1
       -0.3437631968028 bend    2   10    1
       -0.3437631968028 bend    2   11    1
  20 k  1.0000000000000 bend    4    2    3      val= 113.39251
  21 k  1.0000000000000 bend    3    1    2      val= 112.70848
        21 non zero eigenvalues  of BmBt
           1           4.431530523    1    0
         1
           2           3.929105937    2    0
         2
           3           3.827002432    3    0
         3
           4           3.474783270    4    0
         4
           5           2.999463891    5    0
         5
           6           2.452325093    6    0
         6
           7           2.314916327    7    0
         7
           8           1.589951164    8    0
         8
           9           0.881190514    9    0
         9
          10           0.800724895   10    0
        10
          11           0.775268982   11    0
        11
          12           0.758290316   12    0
        12
          13           0.691285474   13    0
        13
          14           0.461367141   14    0
        14
          15           0.415368346   15    0
        15
          16           0.313227042   16    0
        16
          17           0.269341096   17    0
        17
          18           0.235304971   18    0
        18
          19           0.099007934   19    0
        19
          20           0.031439678   20    0
        20
          21           0.021485872   21    0
        21
$end
