$coord
   -4.78241723399452     -0.74980806803302     -1.25915936597097      c
   -2.55133179387184      0.00165815633773      0.45442160851874      c
    0.00000000000000      0.00000000000000     -1.11100932617491      c
    2.55133179387184     -0.00165815633773      0.45442160851874      c
    4.78241723399452      0.74980806803302     -1.25915936597097      c
   -2.60656957737364     -1.89415940777408      2.64206224055004      c
   -3.24906044565675      2.61304691836495      1.51740561709597      c
    0.01121397158445     -2.32630617764317     -2.85192286506392      c
   -0.01121397158445      2.32630617764317     -2.85192286506392      c
    3.24906044565675     -2.61304691836495      1.51740561709597      c
    2.60656957737364      1.89415940777408      2.64206224055004      c
   -4.72432546173171     -2.74045058593334     -1.78161958812072      h
   -6.54164401860800     -0.43556096429068     -0.22701935600371      h
   -4.87599029315811      0.37265856570727     -2.98381301694102      h
    4.87599029315811     -0.37265856570727     -2.98381301694102      h
    4.72432546173171      2.74045058593334     -1.78161958812072      h
    6.54164401860800      0.43556096429068     -0.22701935600371      h
   -2.14859109872724     -3.80323053697783      2.01594834187628      h
   -1.33991727322146     -1.38210368447951      4.17864393142505      h
   -4.51890928460903     -1.95074337335186      3.42005143908457      h
   -3.62839025558735      3.96707341749478      0.01186983843478      h
   -4.98508466861374      2.43139870196252      2.62099324750301      h
   -1.81856890042780      3.40802168568809      2.75365619322623      h
   -0.44183673690581     -4.06623663752089     -1.84490165154458      h
   -1.35327428895573     -2.10030621696241     -4.37717224178524      h
    1.85474974507291     -2.57635256624139     -3.73393970919699      h
    0.44183673690581      4.06623663752089     -1.84490165154458      h
    1.35327428895573      2.10030621696241     -4.37717224178524      h
   -1.85474974507291      2.57635256624139     -3.73393970919699      h
    3.62839025558735     -3.96707341749478      0.01186983843478      h
    4.98508466861374     -2.43139870196252      2.62099324750301      h
    1.81856890042780     -3.40802168568809      2.75365619322623      h
    2.14859109872724      3.80323053697783      2.01594834187628      h
    1.33991727322146      1.38210368447951      4.17864393142505      h
    4.51890928460903      1.95074337335186      3.42005143908457      h
$user-defined bonds
$redundant
     number_of_atoms            35
     degrees_of_freedom         50
     internal_coordinates       50
     frozen_coordinates          0
# definitions of redundant internals
   1 k  1.0000000000000 stre    1   14           val=   2.05988
   2 k  1.0000000000000 stre    1   13           val=   2.06372
   3 k  1.0000000000000 stre    6   20           val=   2.06531
   4 k  1.0000000000000 stre    7   23           val=   2.05100
   5 k  1.0000000000000 stre    7   21           val=   2.06008
   6 k  1.0000000000000 stre    8   24           val=   2.06075
   7 k  1.0000000000000 stre    2    7           val=   2.90450
   8 k  1.0000000000000 stre    6   18           val=   2.06066
   9 k  1.0000000000000 stre    8   26           val=   2.05891
  10 k  1.0000000000000 stre    8   25           val=   2.05895
  11 k  1.0000000000000 stre    1   12           val=   2.05888
  12 k  1.0000000000000 stre    2    6           val=   2.89533
  13 k  1.0000000000000 stre    6   19           val=   2.05614
  14 k  1.0000000000000 stre    2    1           val=   2.91184
  15 k  1.0000000000000 stre    7   22           val=   2.06511
  16 k  0.3921498016161 bend   25   26    8      val=   1.63394
        0.4326511544721 bend   24   26    8
        0.4381666571746 bend   24   25    8
       -0.4001020855465 bend    3   26    8
       -0.3973621142884 bend    3   25    8
       -0.3860869894680 bend    3   24    8
  17 k  0.4673986022169 bend   21   23    7      val=   1.53642
        0.4096707942984 bend   22   23    7
        0.3821632824542 bend   22   21    7
       -0.3919010275761 bend    2   23    7
       -0.3919825910378 bend    2   21    7
       -0.4005282079910 bend    2   22    7
  18 k  0.4727441160428 bend   18   19    6      val=   1.46239
        0.3978839170256 bend   20   19    6
        0.3860283802704 bend   20   18    6
       -0.3910143021072 bend    2   19    6
       -0.3903753476510 bend    2   18    6
       -0.4048436518450 bend    2   20    6
  19 k  0.4658126640680 bend   14   12    1      val=   1.47814
        0.3937193637044 bend   13   12    1
        0.3983880680692 bend   13   14    1
       -0.3920527638656 bend    2   12    1
       -0.3914407866582 bend    2   14    1
       -0.4029383485645 bend    2   13    1
  20 k  1.0000000000000 stre    3    8           val=   2.90562
  21 k  1.0000000000000 stre    3    4           val=   2.99330
  22 k -0.0583458695752 bend   18   19    6      val=   0.56725
       -0.5375018380640 bend   20   19    6
        0.6200066427957 bend   20   18    6
       -0.4253473147868 bend    2   19    6
        0.3746936142756 bend    2   18    6
        0.0443131323121 bend    2   20    6
  23 k -0.1135907115978 bend   21   23    7      val=   1.11559
       -0.4875077775344 bend   22   23    7
        0.6504372288924 bend   22   21    7
       -0.4460469557422 bend    2   23    7
        0.3461521110603 bend    2   21    7
        0.0870951068343 bend    2   22    7
  24 k -0.0445542119704 bend   14   12    1      val=   0.33957
        0.6111839478153 bend   13   12    1
       -0.5535112709422 bend   13   14    1
        0.3807348652803 bend    2   12    1
       -0.4149331538842 bend    2   14    1
        0.0310776002335 bend    2   13    1
  25 k  0.6983387625876 bend   25   26    8      val=   0.90992
       -0.3075012956469 bend   24   26    8
       -0.3316106361718 bend   24   25    8
        0.2255320924663 bend    3   26    8
        0.2099088661440 bend    3   25    8
       -0.4613825473539 bend    3   24    8
  26 k -0.6605735016751 bend   18   19    6      val=   1.98061
        0.4453332280670 bend   20   19    6
        0.3232679428954 bend   20   18    6
       -0.1852039123149 bend    2   19    6
       -0.2565870322426 bend    2   18    6
        0.4008508546934 bend    2   20    6
  27 k -0.6673361557522 bend   14   12    1      val=   1.92905
        0.3385074758681 bend   13   12    1
        0.4249111192301 bend   13   14    1
       -0.2450782339903 bend    2   12    1
       -0.1912033775216 bend    2   14    1
        0.4036131965267 bend    2   13    1
  28 k -0.6585652325269 bend   21   23    7      val=   1.90849
        0.4942508606855 bend   22   23    7
        0.2546355012280 bend   22   21    7
       -0.1429503464523 bend    2   23    7
       -0.2823939265545 bend    2   21    7
        0.3962165461300 bend    2   22    7
  29 k -0.0125493502178 bend   25   26    8      val=  -0.04057
        0.6085044076016 bend   24   26    8
       -0.5914822363141 bend   24   25    8
        0.3679055090790 bend    3   26    8
       -0.3798706411152 bend    3   25    8
        0.0075826295910 bend    3   24    8
  30 k  1.0000000000000 tors   23    7    2    1 val=  64.93460
        1.0000000000000 tors   23    7    2    3
        1.0000000000000 tors   23    7    2    6
        1.0000000000000 tors   21    7    2    1
        1.0000000000000 tors   21    7    2    3
        1.0000000000000 tors   21    7    2    6
        1.0000000000000 tors   22    7    2    1
        1.0000000000000 tors   22    7    2    3
        1.0000000000000 tors   22    7    2    6
  31 k  1.0000000000000 tors   19    6    2    1 val=  66.01103
        1.0000000000000 tors   19    6    2    3
        1.0000000000000 tors   19    6    2    7
        1.0000000000000 tors   18    6    2    1
        1.0000000000000 tors   18    6    2    3
        1.0000000000000 tors   18    6    2    7
        1.0000000000000 tors   20    6    2    1
        1.0000000000000 tors   20    6    2    3
        1.0000000000000 tors   20    6    2    7
  32 k  1.0000000000000 tors   26    8    3    2 val=  74.00304
        1.0000000000000 tors   26    8    3    4
        1.0000000000000 tors   26    8    3    9
        1.0000000000000 tors   25    8    3    2
        1.0000000000000 tors   25    8    3    4
        1.0000000000000 tors   25    8    3    9
        1.0000000000000 tors   24    8    3    2
        1.0000000000000 tors   24    8    3    4
        1.0000000000000 tors   24    8    3    9
  33 k  1.0000000000000 tors   12    1    2    3 val=  68.94301
        1.0000000000000 tors   12    1    2    6
        1.0000000000000 tors   12    1    2    7
        1.0000000000000 tors   14    1    2    3
        1.0000000000000 tors   14    1    2    6
        1.0000000000000 tors   14    1    2    7
        1.0000000000000 tors   13    1    2    3
        1.0000000000000 tors   13    1    2    6
        1.0000000000000 tors   13    1    2    7
  34 k  0.5012144115589 bend    7    6    2      val=   2.30737
        0.3955515780680 bend    1    6    2
        0.3805110657768 bend    1    7    2
       -0.3636188572861 bend    3    6    2
       -0.3745489665186 bend    3    7    2
       -0.4183644223171 bend    3    1    2
  35 k -0.4481028152899 bend    7    6    2      val=   2.58529
        0.1083094216874 bend    1    6    2
        0.4919753084312 bend    1    7    2
       -0.5064388633708 bend    3    6    2
       -0.0864110740234 bend    3    7    2
        0.5305525760478 bend    3    1    2
  36 k -0.2462265252720 bend    7    6    2      val=   0.84109
        0.6662462728763 bend    1    6    2
       -0.3722008026763 bend    1    7    2
        0.2822167809924 bend    3    6    2
       -0.4908964153554 bend    3    7    2
        0.1906026299282 bend    3    1    2
  37 k -0.4385617435827 bend   25   26    8      val=  -0.19351
        0.3180427396782 bend   24   26    8
        0.1088029038701 bend   24   25    8
        0.1624920461944 bend    3   26    8
        0.4989880401805 bend    3   25    8
       -0.6475195839460 bend    3   24    8
  38 k  0.0023229770019 bend   18   19    6      val=   0.38992
       -0.3988633485636 bend   20   19    6
        0.4041309433344 bend   20   18    6
        0.5746302728544 bend    2   19    6
       -0.5893167180255 bend    2   18    6
        0.0093096168019 bend    2   20    6
  39 k -0.0464245745716 bend   21   23    7      val=   0.76837
       -0.3681046769664 bend   22   23    7
        0.4335037980964 bend   22   21    7
        0.6052967121161 bend    2   23    7
       -0.5505052858711 bend    2   21    7
       -0.0705548243328 bend    2   22    7
  40 k  0.4038064104911 bend   21   23    7      val=  -0.79441
       -0.2473356534458 bend   22   23    7
       -0.1824891505875 bend   22   21    7
       -0.2745272160473 bend    2   23    7
       -0.4051176715269 bend    2   21    7
        0.7092091702485 bend    2   22    7
  41 k  0.0962861033027 bend   14   12    1      val=   0.04441
        0.3370624060173 bend   13   12    1
       -0.4364317108666 bend   13   14    1
       -0.6500593686582 bend    2   12    1
        0.4846467825363 bend    2   14    1
        0.1708379229197 bend    2   13    1
  42 k  0.4082162635352 bend   18   19    6      val=  -0.52795
       -0.2084769418859 bend   20   19    6
       -0.2259244323653 bend   20   18    6
       -0.3437578119324 bend    2   19    6
       -0.3361542434615 bend    2   18    6
        0.7125207990550 bend    2   20    6
  43 k  0.3960530625270 bend   14   12    1      val=  -0.82724
       -0.3071151297607 bend   13   12    1
       -0.1129595736629 bend   13   14    1
       -0.1935816907948 bend    2   12    1
       -0.4700779611682 bend    2   14    1
        0.6910971298348 bend    2   13    1
  44 k  1.0000000000000 bend    2    4    3      val= 116.93562
  45 k  0.9149692008922 bend    9    8    3      val=   5.80253
       -0.2063277161691 bend    4    8    3
       -0.1970902185543 bend    4    9    3
       -0.1970902185543 bend    2    8    3
       -0.2063277161691 bend    2    9    3
  46 k -0.1281325534119 bend   25   26    8      val=   0.16643
       -0.2964998806660 bend   24   26    8
        0.4215801512917 bend   24   25    8
        0.6730134232558 bend    3   26    8
       -0.4790927322174 bend    3   25    8
       -0.1883165728555 bend    3   24    8
  47 k -0.5549889187457 bend    7    6    2      val=   0.68909
        0.1489877425096 bend    1    6    2
        0.4605715325003 bend    1    7    2
        0.3731136584434 bend    3    6    2
        0.1329335491219 bend    3    7    2
       -0.5484329361941 bend    3    1    2
  48 k -0.0079735383989 bend    9    8    3      val=   0.32087
       -0.4975719330181 bend    4    8    3
        0.5023846960401 bend    4    9    3
        0.5023846960401 bend    2    8    3
       -0.4975719330181 bend    2    9    3
  49 k  1.0000000000000 tors    6    2    3    4 val=  76.12954
        1.0000000000000 tors    7    2    3    4
        1.0000000000000 tors    1    2    3    4
  50 k  0.1196234346415 bend    7    6    2      val=   0.38440
       -0.4721906803509 bend    1    6    2
        0.3506696495858 bend    1    7    2
        0.4466463072919 bend    3    6    2
       -0.6341237408657 bend    3    7    2
        0.1953231926491 bend    3    1    2
        50 non zero eigenvalues  of BmBt
           1           4.345436335    1    0
         1
           2           4.202517824    2    0
         2
           3           4.023396500    3    0
         3
           4           3.676135760    4    0
         4
           5           3.382327350    5    0
         5
           6           3.378765299    6    0
         6
           7           3.365686298    7    0
         7
           8           3.290892472    8    0
         8
           9           3.253510078    9    0
         9
          10           3.248949344   10    0
        10
          11           3.233089266   11    0
        11
          12           3.202353639   12    0
        12
          13           2.423054958   13    0
        13
          14           1.883846995   14    0
        14
          15           1.815886215   15    0
        15
          16           1.434148244   16    0
        16
          17           0.885401776   17    0
        17
          18           0.881038665   18    0
        18
          19           0.879710774   19    0
        19
          20           0.865974773   20    0
        20
          21           0.850972975   21    0
        21
          22           0.848698874   22    0
        22
          23           0.784298012   23    0
        23
          24           0.751904726   24    0
        24
          25           0.695033544   25    0
        25
          26           0.692554618   26    0
        26
          27           0.691666329   27    0
        27
          28           0.690867068   28    0
        28
          29           0.673643523   29    0
        29
          30           0.665574209   30    0
        30
          31           0.659924254   31    0
        31
          32           0.637557208   32    0
        32
          33           0.381533223   33    0
        33
          34           0.378222970   34    0
        34
          35           0.370913100   35    0
        35
          36           0.367197719   36    0
        36
          37           0.332955215   37    0
        37
          38           0.310655138   38    0
        38
          39           0.309085442   39    0
        39
          40           0.277269275   40    0
        40
          41           0.144300836   41    0
        41
          42           0.100288083   42    0
        42
          43           0.078269848   43    0
        43
          44           0.057460635   44    0
        44
          45           0.039882715   45    0
        45
          46           0.039471532   46    0
        46
          47           0.029353622   47    0
        47
          48           0.023841757   48    0
        48
          49           0.018212048   49    0
        49
          50           0.006638791   50    0
        50
$end
