$coord
  -15.78861044310000     -0.35170123370000      0.00000000000000      c
  -13.32756923630000      1.20474635170000      0.00000000000000      c
  -10.94620879730000     -0.46784100960000      0.00000000000000      c
   -8.47063183560000      1.05858877460000      0.00000000000000      c
   -6.09211029520000     -0.61590201660000      0.00000000000000      c
   -3.61637934540000      0.91073432410000      0.00000000000000      c
   -1.23779951780000     -0.76343009550000      0.00000000000000      c
    1.23779951780000      0.76343009550000      0.00000000000000      c
    3.61637934540000     -0.91073432410000      0.00000000000000      c
    6.09211029520000      0.61590201660000      0.00000000000000      c
    8.47063183560000     -1.05858877460000      0.00000000000000      c
   10.94620879730000      0.46784100960000      0.00000000000000      c
   13.32756923630000     -1.20474635170000      0.00000000000000      c
   15.78861044310000      0.35170123370000      0.00000000000000      c
  -17.46808428500000      0.87330902150000      0.00000000000000      h
  -15.88267589000000     -1.57516910390000     -1.68025715870000      h
  -15.88267589000000     -1.57516910390000      1.68025715870000      h
  -13.28345174300000      2.44975184090000      1.66957093730000      h
  -13.28345174300000      2.44975184090000     -1.66957093730000      h
  -10.98516045090000     -1.71549747340000      1.66995808840000      h
  -10.98516045090000     -1.71549747340000     -1.66995808840000      h
   -8.43220583780000      2.30579825340000      1.66993212280000      h
   -8.43220583780000      2.30579825340000     -1.66993212280000      h
   -6.12997243260000     -1.86315898950000      1.66984844730000      h
   -6.12997243260000     -1.86315898950000     -1.66984844730000      h
   -3.57834095090000      2.15800281910000      1.66985837620000      h
   -3.57834095090000      2.15800281910000     -1.66985837620000      h
   -1.27559238840000     -2.01070833090000      1.66986085730000      h
   -1.27559238840000     -2.01070833090000     -1.66986085730000      h
    1.27559238840000      2.01070833090000      1.66986085730000      h
    1.27559238840000      2.01070833090000     -1.66986085730000      h
    3.57834095090000     -2.15800281910000      1.66985837620000      h
    3.57834095090000     -2.15800281910000     -1.66985837620000      h
    6.12997243260000      1.86315898950000      1.66984844730000      h
    6.12997243260000      1.86315898950000     -1.66984844730000      h
    8.43220583780000     -2.30579825340000      1.66993212280000      h
    8.43220583780000     -2.30579825340000     -1.66993212280000      h
   10.98516045090000      1.71549747340000      1.66995808840000      h
   10.98516045090000      1.71549747340000     -1.66995808840000      h
   13.28345174300000     -2.44975184090000      1.66957093730000      h
   13.28345174300000     -2.44975184090000     -1.66957093730000      h
   15.88267589000000      1.57516910390000      1.68025715870000      h
   17.46808428500000     -0.87330902150000      0.00000000000000      h
   15.88267589000000      1.57516910390000     -1.68025715870000      h
$redundant
     number_of_atoms            44
     degrees_of_freedom         36
     internal_coordinates       36
     frozen_coordinates          0
# definitions of redundant internals
   1 k  1.0000000000000 stre    1   15           val=   2.07877
   2 k  1.0000000000000 stre    2    1           val=   2.91192
   3 k  1.0000000000000 stre    3    2           val=   2.91006
   4 k  1.0000000000000 stre    4    3           val=   2.90834
   5 k  1.0000000000000 stre    6    5           val=   2.90858
   6 k  1.0000000000000 stre    7    6           val=   2.90869
   7 k  1.0000000000000 stre    7    8           val=   2.90859
   8 k  1.0000000000000 stre    5    4           val=   2.90883
   9 k  0.4252410719210 bend   16   15    1      val=   1.33002
        0.4252410719210 bend   17   15    1
        0.4053576063826 bend   17   16    1
       -0.3948541789356 bend    2   15    1
       -0.3988204168719 bend    2   16    1
       -0.3988204168719 bend    2   17    1
  10 k  0.0000380523243 bend   29   28    7      val=   0.00082
        0.4999992593981 bend    8   28    7
        0.4999992593981 bend    8   29    7
       -0.5000007398768 bend    6   28    7
       -0.5000007398768 bend    6   29    7
  11 k  1.0000000000000 stre    3   20           val=   2.08493
  12 k  1.0000000000000 stre    7   28           val=   2.08460
  13 k  1.0000000000000 stre    6   26           val=   2.08460
  14 k  1.0000000000000 stre    5   24           val=   2.08458
  15 k  1.0000000000000 stre    4   22           val=   2.08463
  16 k  1.0000000000000 stre    2   18           val=   2.08314
  17 k  1.0000000000000 stre    1   17           val=   2.08062
  18 k  0.0020416705622 bend   21   20    3      val=   0.03286
       -0.5001624539164 bend    4   20    3
       -0.5001624539164 bend    4   21    3
        0.4998354083926 bend    2   20    3
        0.4998354083926 bend    2   21    3
  19 k  0.0001775005340 bend   27   26    6      val=   0.00293
       -0.5000134562647 bend    5   26    6
       -0.5000134562647 bend    5   27    6
        0.4999865276195 bend    7   26    6
        0.4999865276195 bend    7   27    6
  20 k  0.0000796602618 bend   25   24    5      val=   0.00178
        0.4999991060281 bend    6   24    5
        0.4999991060281 bend    6   25    5
       -0.5000008907975 bend    4   24    5
       -0.5000008907975 bend    4   25    5
  21 k  0.0005620596605 bend   23   22    4      val=   0.00903
       -0.5000452903629 bend    3   22    4
       -0.5000452903629 bend    3   23    4
        0.4999545475645 bend    5   22    4
        0.4999545475645 bend    5   23    4
  22 k  0.0158264356795 bend   19   18    2      val=   0.27677
        0.4989082732430 bend    3   18    2
        0.4989082732430 bend    3   19    2
       -0.5009643668531 bend    1   18    2
       -0.5009643668531 bend    1   19    2
  23 k -0.3334782544333 bend   16   15    1      val=   0.44694
       -0.3334782544333 bend   17   15    1
        0.6934119940149 bend   17   16    1
       -0.4483732273355 bend    2   15    1
        0.2187758707048 bend    2   16    1
        0.2187758707048 bend    2   17    1
  24 k  0.9044005587549 bend   19   18    2      val=   1.75686
       -0.2208030181698 bend    3   18    2
       -0.2208030181698 bend    3   19    2
       -0.2056108991007 bend    1   18    2
       -0.2056108991007 bend    1   19    2
  25 k  0.9060383159815 bend   25   24    5      val=   2.28066
       -0.2116342941036 bend    6   24    5
       -0.2116342941036 bend    6   25    5
       -0.2115613635473 bend    4   24    5
       -0.2115613635473 bend    4   25    5
  26 k  0.9060392617293 bend   23   22    4      val=   2.28384
       -0.2113228174152 bend    3   22    4
       -0.2113228174152 bend    3   23    4
       -0.2118704673667 bend    5   22    4
       -0.2118704673667 bend    5   23    4
  27 k  0.9060529010907 bend   27   26    6      val=   2.28600
       -0.2114960907302 bend    5   26    6
       -0.2114960907302 bend    5   27    6
       -0.2116683108508 bend    7   26    6
       -0.2116683108508 bend    7   27    6
  28 k  0.9062044281535 bend   21   20    3      val=   2.33507
       -0.2104233539089 bend    4   20    3
       -0.2104233539089 bend    4   21    3
       -0.2124118154134 bend    2   20    3
       -0.2124118154134 bend    2   21    3
  29 k  0.9060406074510 bend   29   28    7      val=   2.28125
       -0.2116129300061 bend    8   28    7
       -0.2116129300061 bend    8   29    7
       -0.2115778265301 bend    6   28    7
       -0.2115778265301 bend    6   29    7
  30 k  1.0000000000000 bend    8    6    7      val= 113.19540
  31 k  0.2199615536372 bend   16   15    1      val=  -0.18240
        0.2199615536372 bend   17   15    1
       -0.4471713373879 bend   17   16    1
       -0.6821207549573 bend    2   15    1
        0.3449513737603 bend    2   16    1
        0.3449513737603 bend    2   17    1
  32 k  1.0000000000000 bend    5    3    4      val= 113.19647
  33 k  1.0000000000000 bend    4    2    3      val= 113.25929
  34 k  1.0000000000000 bend    7    5    6      val= 113.20051
  35 k  1.0000000000000 bend    6    4    5      val= 113.19460
  36 k  1.0000000000000 bend    3    1    2      val= 112.60641
        36 non zero eigenvalues  of BmBt
           1           4.454366464    1    0
         1
           2           4.226152835    2    0
         2
           3           3.894771272    3    0
         3
           4           3.821388846    4    0
         4
           5           3.714037656    5    0
         5
           6           3.418730969    6    0
         6
           7           3.271348473    7    0
         7
           8           3.028710071    8    0
         8
           9           2.449688018    9    0
         9
          10           2.333177560   10    0
        10
          11           2.271883581   11    0
        11
          12           2.256487244   12    0
        12
          13           1.694238420   13    0
        13
          14           1.242501446   14    0
        14
          15           0.877053524   15    0
        15
          16           0.799778054   16    0
        16
          17           0.788625411   17    0
        17
          18           0.772669540   18    0
        18
          19           0.758819855   19    0
        19
          20           0.750840581   20    0
        20
          21           0.748191695   21    0
        21
          22           0.682736325   22    0
        22
          23           0.454546409   23    0
        23
          24           0.441504532   24    0
        24
          25           0.402973483   25    0
        25
          26           0.348253693   26    0
        26
          27           0.297092398   27    0
        27
          28           0.269080306   28    0
        28
          29           0.249326770   29    0
        29
          30           0.227053590   30    0
        30
          31           0.108881696   31    0
        31
          32           0.080950329   32    0
        32
          33           0.067725099   33    0
        33
          34           0.028126694   34    0
        34
          35           0.010956697   35    0
        35
          36           0.003701521   36    0
        36
$user-defined bonds
$end
