$coord
     3.626497455    -0.359087365     0.000000000     H 
     2.098515654     0.612865224     0.000000000     O 
     0.015286265    -1.090988666     0.000000000     C 
    -2.378065314     0.473506975     0.000000000     C 
     0.071065516    -2.307806218     1.673531889     H 
     0.071065516    -2.307806218    -1.673531888     H 
    -4.038276040    -0.748272864     0.000000000     H 
    -2.442640360     1.676396896    -1.670763440     H 
    -2.442640360     1.676396896     1.670763440     H 
$end
