$coord
    -2.391996261    -0.510998907     0.000000000     C 
    -2.454326984    -1.728541803     1.665757556     H 
    -2.454326984    -1.728541804    -1.665757556     H 
    -4.094089469     0.652297516     0.000000000     H 
     0.000000000     1.100370445     0.000000000     C 
     0.000000000     2.337808377    -1.654439987     H 
     0.000000000     2.337808377     1.654439987     H 
     2.391996261    -0.510998907     0.000000000     C 
     2.454326983    -1.728541804    -1.665757556     H 
     4.094089469     0.652297516     0.000000000     H 
     2.454326983    -1.728541804     1.665757556     H 
$end
