$coord
    0.00000000000000    -11.99493525602856     -0.69507912857104      c
    0.00000000000000     -9.61157066554375      0.91822657189101      c
    0.00000000000000     -7.20874099444937     -0.66388714109116      c
    0.00000000000000     -4.80282401952191      0.91169959183365      c
    0.00000000000000     -2.40418943496772     -0.67715780078414      c
    0.00000000000000      0.00000000000000      0.90227384366287      c
    0.00000000000000      2.40418943496772     -0.67715780078414      c
    0.00000000000000      4.80282401952191      0.91169959183365      c
    0.00000000000000      7.20874099444937     -0.66388714109116      c
    0.00000000000000      9.61157066554375      0.91822657189101      c
    0.00000000000000     11.99493525602856     -0.69507912857104      c
    0.00000000000000    -13.69681448759782      0.46423117743508      h
   -1.66656648360998    -12.04900059358410     -1.90685843312713      h
    1.66656648360998    -12.04900059358410     -1.90685843312713      h
    1.65840609849402     -9.60416319312329      2.15002758418078      h
   -1.65840609849402     -9.60416319312329      2.15002758418078      h
    1.65797871679860     -7.20826161049998     -1.90048876449906      h
   -1.65797871679860     -7.20826161049998     -1.90048876449906      h
    1.65923301011441     -4.79772622131999      2.14641260421142      h
   -1.65923301011441     -4.79772622131999      2.14641260421142      h
    1.65911944309760     -2.40716107708723     -1.91233133231710      h
   -1.65911944309760     -2.40716107708723     -1.91233133231710      h
    1.65907370468613      0.00000000000000      2.13730649055737      h
   -1.65907370468613      0.00000000000000      2.13730649055737      h
    1.65911944309760      2.40716107708723     -1.91233133231710      h
   -1.65911944309760      2.40716107708723     -1.91233133231710      h
    1.65923301011441      4.79772622131999      2.14641260421142      h
   -1.65923301011441      4.79772622131999      2.14641260421142      h
    1.65797871679860      7.20826161049998     -1.90048876449906      h
   -1.65797871679860      7.20826161049998     -1.90048876449906      h
    1.65840609849402      9.60416319312329      2.15002758418078      h
   -1.65840609849402      9.60416319312329      2.15002758418078      h
    1.66656648360998     12.04900059358410     -1.90685843312713      h
    0.00000000000000     13.69681448759782      0.46423117743508      h
   -1.66656648360998     12.04900059358410     -1.90685843312713      h
$user-defined bonds
$redundant
     number_of_atoms            35
     degrees_of_freedom         29
     internal_coordinates       29
     frozen_coordinates          0
# definitions of redundant internals
   1 k  1.0000000000000 stre    1   12           val=   2.05922
   2 k  1.0000000000000 stre    4    3           val=   2.87592
   3 k  1.0000000000000 stre    3    2           val=   2.87692
   4 k  1.0000000000000 stre    2    1           val=   2.87805
   5 k  1.0000000000000 stre    5    4           val=   2.87714
   6 k  0.4235578627435 bend   13   12    1      val=   1.30608
        0.4235578627435 bend   14   12    1
        0.4082086682076 bend   14   13    1
       -0.3966572471135 bend    2   12    1
       -0.3982625926000 bend    2   13    1
       -0.3982625926000 bend    2   14    1
   7 k  1.0000000000000 stre    3   17           val=   2.06835
   8 k  1.0000000000000 stre    5   21           val=   2.06841
   9 k  1.0000000000000 stre    6   23           val=   2.06829
  10 k  1.0000000000000 stre    4   20           val=   2.06824
  11 k  1.0000000000000 stre    2   15           val=   2.06584
  12 k  1.0000000000000 stre    1   13           val=   2.06126
  13 k  1.0000000000000 stre    6    5           val=   2.87658
  14 k  0.0007773778777 bend   22   21    5      val=   0.01276
       -0.5000610532696 bend    6   21    5
       -0.5000610532696 bend    6   22    5
        0.4999386370793 bend    4   21    5
        0.4999386370793 bend    4   22    5
  15 k  0.0021915573508 bend   18   17    3      val=   0.04004
        0.4998739095603 bend    4   17    3
        0.4998739095603 bend    4   18    3
       -0.5001236577878 bend    2   17    3
       -0.5001236577878 bend    2   18    3
  16 k  0.0022634044962 bend   19   20    4      val=   0.03783
       -0.5001696215549 bend    3   20    4
       -0.5001696215549 bend    3   19    4
        0.4998277585065 bend    5   20    4
        0.4998277585065 bend    5   19    4
  17 k  0.0176668545416 bend   16   15    2      val=   0.30985
        0.4987430007219 bend    3   15    2
        0.4987430007219 bend    3   16    2
       -0.5010981544131 bend    1   15    2
       -0.5010981544131 bend    1   16    2
  18 k -0.3351779307261 bend   13   12    1      val=   0.44618
       -0.3351779307261 bend   14   12    1
        0.6912330778976 bend   14   13    1
       -0.4474230613515 bend    2   12    1
        0.2205911894199 bend    2   13    1
        0.2205911894199 bend    2   14    1
  19 k  0.9040029454076 bend   16   15    2      val=   1.78604
       -0.2220842957795 bend    3   15    2
       -0.2220842957795 bend    3   16    2
       -0.2051046145636 bend    1   15    2
       -0.2051046145636 bend    1   16    2
  20 k  0.9058245010905 bend   22   21    5      val=   2.33712
       -0.2114482118780 bend    6   21    5
       -0.2114482118780 bend    6   22    5
       -0.2122042419597 bend    4   21    5
       -0.2122042419597 bend    4   22    5
  21 k  0.9060020066137 bend   19   20    4      val=   2.42240
       -0.2105361719778 bend    3   20    4
       -0.2105361719778 bend    3   19    4
       -0.2127315263304 bend    5   20    4
       -0.2127315263304 bend    5   19    4
  22 k  0.9063452643101 bend   24   23    6      val=   2.54090
       -0.2112689410814 bend    5   23    6
       -0.2112689410814 bend    5   24    6
       -0.2112689410814 bend    7   23    6
       -0.2112689410814 bend    7   24    6
  23 k  0.9064859302250 bend   18   17    3      val=   2.52478
       -0.2121614557780 bend    4   17    3
       -0.2121614557780 bend    4   18    3
       -0.2100693833813 bend    2   17    3
       -0.2100693833813 bend    2   18    3
  24 k  1.0000000000000 bend    6    4    5      val= 113.17658
  25 k -0.2201685271891 bend   13   12    1      val=   0.34047
       -0.2201685271891 bend   14   12    1
        0.4478201285615 bend   14   13    1
        0.6821624443873 bend    2   12    1
       -0.3443567708014 bend    2   13    1
       -0.3443567708014 bend    2   14    1
  26 k  1.0000000000000 bend    4    2    3      val= 113.41760
  27 k  1.0000000000000 bend    7    5    6      val= 113.39419
  28 k  1.0000000000000 bend    5    3    4      val= 113.25949
  29 k  1.0000000000000 bend    3    1    2      val= 112.54341
        29 non zero eigenvalues  of BmBt
           1           4.332568444    1    0
         1
           2           3.925405013    2    0
         2
           3           3.839059124    3    0
         3
           4           3.656364597    4    0
         4
           5           3.266900297    5    0
         5
           6           3.080740180    6    0
         6
           7           2.478373981    7    0
         7
           8           2.333892242    8    0
         8
           9           2.265788289    9    0
         9
          10           2.033726540   10    0
        10
          11           1.363477204   11    0
        11
          12           0.881402031   12    0
        12
          13           0.803574234   13    0
        13
          14           0.787565372   14    0
        14
          15           0.769653266   15    0
        15
          16           0.758707682   16    0
        16
          17           0.756260181   17    0
        17
          18           0.692981757   18    0
        18
          19           0.461318801   19    0
        19
          20           0.438549016   20    0
        20
          21           0.375353917   21    0
        21
          22           0.304592424   22    0
        22
          23           0.270848005   23    0
        23
          24           0.245109761   24    0
        24
          25           0.101437010   25    0
        25
          26           0.082392374   26    0
        26
          27           0.027042382   27    0
        27
          28           0.016788895   28    0
        28
          29           0.001334874   29    0
        29
$end
