$coord
   -2.63372797028676     -4.41766633177002      3.43123719140841      c
   -1.31812349118051     -6.53091038128144      4.30064764006822      c
    1.31812349118051     -6.53091038128144      4.30064764006822      c
    2.63372797028676     -4.41766633177002      3.43123719140841      c
    1.32513012917128     -2.30929267572259      2.54944660299566      c
   -1.32513012917128     -2.30929267572259      2.54944660299566      c
    2.62402884094061      0.00000000000000      1.52072438198238      c
   -2.62402884094061      0.00000000000000      1.52072438198238      c
   -1.32513012917128      2.30929267572259      2.54944660299566      c
    1.32513012917128      2.30929267572259      2.54944660299566      c
   -2.63372797028676      4.41766633177002      3.43123719140841      c
    2.63372797028676      4.41766633177002      3.43123719140841      c
   -1.31812349118051      6.53091038128144      4.30064764006822      c
    1.31812349118051      6.53091038128144      4.30064764006822      c
   -2.63372797028676      4.41766633177002     -3.43123719140841      c
   -1.31812349118051      6.53091038128144     -4.30064764006822      c
    1.31812349118051      6.53091038128144     -4.30064764006822      c
    2.63372797028676      4.41766633177002     -3.43123719140841      c
    1.32513012917128      2.30929267572259     -2.54944660299566      c
   -1.32513012917128      2.30929267572259     -2.54944660299566      c
    2.62402884094061      0.00000000000000     -1.52072438198238      c
   -2.62402884094061      0.00000000000000     -1.52072438198238      c
   -1.32513012917128     -2.30929267572259     -2.54944660299566      c
    1.32513012917128     -2.30929267572259     -2.54944660299566      c
   -2.63372797028676     -4.41766633177002     -3.43123719140841      c
    2.63372797028676     -4.41766633177002     -3.43123719140841      c
   -1.31812349118051     -6.53091038128144     -4.30064764006822      c
    1.31812349118051     -6.53091038128144     -4.30064764006822      c
   -4.68032751110567     -4.40681060589470      3.43377363512053      h
   -2.34237424688077     -8.16125997781747      4.98293654157568      h
    2.34237424688077     -8.16125997781747      4.98293654157568      h
    4.68032751110567     -4.40681060589470      3.43377363512053      h
    4.59809699520696      0.00000000000000      2.11365497665152      h
   -4.59809699520696      0.00000000000000      2.11365497665152      h
   -4.68032751110567      4.40681060589470      3.43377363512053      h
    4.68032751110567      4.40681060589470      3.43377363512053      h
   -2.34237424688077      8.16125997781747      4.98293654157568      h
    2.34237424688077      8.16125997781747      4.98293654157568      h
   -4.68032751110567      4.40681060589470     -3.43377363512053      h
   -2.34237424688077      8.16125997781747     -4.98293654157568      h
    2.34237424688077      8.16125997781747     -4.98293654157568      h
    4.68032751110567      4.40681060589470     -3.43377363512053      h
    4.59809699520696      0.00000000000000     -2.11365497665152      h
   -4.59809699520696      0.00000000000000     -2.11365497665152      h
   -4.68032751110567     -4.40681060589470     -3.43377363512053      h
    4.68032751110567     -4.40681060589470     -3.43377363512053      h
   -2.34237424688077     -8.16125997781747     -4.98293654157568      h
    2.34237424688077     -8.16125997781747     -4.98293654157568      h
$redundant
     number_of_atoms            48
     degrees_of_freedom         19
     internal_coordinates       21
     frozen_coordinates          0
# definitions of redundant internals
   1 k -0.5000000000000 tors    5    4    3    2 val=   0.25116
       -0.5000000000000 tors    4    3    2    1
        1.0000000000000 tors    3    2    1    6
       -0.5000000000000 tors    2    1    6    5
       -0.5000000000000 tors    1    6    5    4
        1.0000000000000 tors    6    5    4    3
   2 k  1.0000000000000 outp   29    2    6    1 val=  -0.10838
   3 k  1.0000000000000 stre   19   18           val=   2.63348
   4 k  1.0000000000000 stre   17   16           val=   2.63625
   5 k  1.0000000000000 stre    7   33           val=   2.06119
   6 k  1.0000000000000 stre    1   29           val=   2.04663
   7 k  1.0000000000000 stre   16   15           val=   2.63676
   8 k  1.0000000000000 stre    2   30           val=   2.04271
   9 k -0.7071067734684 bend    6   29    1      val=   0.32089
        0.7071067889047 bend    2   29    1
  10 k  0.7071067953956 bend    3   30    2      val=   0.05956
       -0.7071067669775 bend    1   30    2
  11 k  1.0000000000000 tors   22   20   19   15 val= 181.31530
        1.0000000000000 tors   21   20   19   18
  12 k  1.0000000000000 outp   30    1    3    2 val=  -0.29950
  13 k -0.5000000000000 bend   20   18   19      val=  -0.10252
       -0.5000000000000 bend   19   17   18
        1.0000000000000 bend   18   16   17
       -0.5000000000000 bend   17   15   16
       -0.5000000000000 bend   16   20   15
        1.0000000000000 bend   15   19   20
  14 k  0.4121140132332 bend    5   33    7      val=   2.15135
        0.4121140132332 bend   10   33    7
       -0.8126032735559 bend   21   33    7
  15 k  1.0000000000000 stre    5    6           val=   2.65026
  16 k  1.0000000000000 stre    5    7           val=   2.84222
  17 k  1.0000000000000 stre    7   21           val=   3.04145
  18 k  1.0000000000000 bend    7    6    5      val= 117.19374
  19 k  0.9461508220075 bend   10    5    7      val=  52.62223
       -0.3237261528122 bend   21    5    7
  20 k  0.3237261528122 bend   10    5    7      val= 110.57235
        0.9461508220075 bend   21    5    7
  21 k  1.0000000000000 tors   10    7    5    6 val= -17.11246
        1.0000000000000 tors   21    7    5    6
        19 non zero eigenvalues  of BmBt
           1           5.160231038    1    0
         1
           2           4.058947182    2    0
         2
           3           3.429553444    3    0
         3
           4           2.648549109    4    0
         4
           5           2.099625568    5    0
         5
           6           1.806814541    6    0
         6
           7           1.172588036    7    0
         7
           8           0.879942964    8    0
         8
           9           0.693022403    9    0
         9
          10           0.435525640   10    0
        10
          11           0.380907401   11    0
        11
          12           0.335627881   12    0
        12
          13           0.301124352   13    0
        13
          14           0.091478240   14    0
        14
          15           1.488003993   15    0
        15
          16           0.655215917   16    0
        16
          17           0.241164485   17    0
        17
          18           0.155325995    0    0
         0.000000000         0.000000000         0.000000000         0.000000000
         0.000000000         0.000000000         0.000000000         0.000000000
         0.000000000         0.000000000         0.000000000         0.000000000
         0.000000000         0.000000000         0.000000000         0.000000000
         0.000000000         0.657791548        -0.638160584        -0.400076678
         0.000000000
          19           0.011692826   21    0
        21
$user-defined bonds
$end
