$coord
   -1.22579692459838      2.30753138104892      2.91510953619209      c
   -2.66756550451085      0.10072220898200      2.63538591502519      c
   -1.40787342478674     -2.21178553238024      2.92390209010301      c
    1.22579692459838     -2.30753138104892      2.91510953619209      c
    2.66756550451085     -0.10072220898200      2.63538591502519      c
    5.27776327059377     -0.22611292170812      1.49973372106320      c
   -5.27776327059377      0.22611292170812      1.49973372106320      c
    5.27776327059377      0.22611292170812     -1.49973372106320      c
   -5.27776327059377     -0.22611292170812     -1.49973372106320      c
    2.66756550451085      0.10072220898200     -2.63538591502519      c
    1.40787342478674     -2.21178553238024     -2.92390209010301      c
   -1.22579692459838     -2.30753138104892     -2.91510953619209      c
   -2.66756550451085     -0.10072220898200     -2.63538591502519      c
   -1.40787342478674      2.21178553238024     -2.92390209010301      c
    1.22579692459838      2.30753138104892     -2.91510953619209      c
    1.40787342478674      2.21178553238024      2.92390209010301      c
   -2.17205873995502      4.14031983098413      2.84354201109636      h
   -2.48540517203529     -3.97104796873235      2.86132995753878      h
    2.17205873995502     -4.14031983098413      2.84354201109636      h
    6.53839082018647      1.19038237122145      2.35033396980888      h
    6.09965180150989     -2.09648551042666      1.87520622029760      h
   -6.09965180150989      2.09648551042666      1.87520622029760      h
   -6.53839082018647     -1.19038237122145      2.35033396980888      h
    6.09965180150989      2.09648551042666     -1.87520622029760      h
    6.53839082018647     -1.19038237122145     -2.35033396980888      h
   -6.53839082018647      1.19038237122145     -2.35033396980888      h
   -6.09965180150989     -2.09648551042666     -1.87520622029760      h
    2.48540517203529     -3.97104796873235     -2.86132995753878      h
   -2.17205873995502     -4.14031983098413     -2.84354201109636      h
   -2.48540517203529      3.97104796873235     -2.86132995753878      h
    2.17205873995502      4.14031983098413     -2.84354201109636      h
    2.48540517203529      3.97104796873235      2.86132995753878      h
$redundant
     number_of_atoms            32
     degrees_of_freedom         24
     internal_coordinates       29
     frozen_coordinates          0
# definitions of redundant internals
   1 k  1.0000000000000 outp   17    2   16    1 val=  -7.94093
   2 k  1.0000000000000 outp   18    2    4    3 val=   8.24400
   3 k  1.0000000000000 stre    3   18           val=   2.06398
   4 k  1.0000000000000 stre    6   20           val=   2.07826
   5 k  1.0000000000000 stre    6   21           val=   2.07720
   6 k  1.0000000000000 stre    1   17           val=   2.06389
   7 k  0.7071272394091 bend    4   18    3      val=  -0.05774
       -0.7070863223720 bend    2   18    3
   8 k  0.7071595321167 bend   16   17    1      val=   0.15024
       -0.7070540263209 bend    2   17    1
   9 k  0.0111641041116 bend   20   21    6      val=   0.35237
        0.5555594014433 bend    5   21    6
       -0.5383610993278 bend    5   20    6
        0.4406557064111 bend    8   21    6
       -0.4552131252340 bend    8   20    6
  10 k  0.0768155653035 bend   20   21    6      val=   1.01722
       -0.4962314778622 bend    5   21    6
       -0.5180003929243 bend    5   20    6
        0.4930893752523 bend    8   21    6
        0.4862017587889 bend    8   20    6
  11 k  0.9007675619432 bend   20   21    6      val=   2.14948
       -0.1867391476682 bend    5   21    6
       -0.1637543621840 bend    5   20    6
       -0.2498361512325 bend    8   21    6
       -0.2539934969286 bend    8   20    6
  12 k -0.0090870435955 bend   20   21    6      val=   1.09696
       -0.4467779381798 bend    5   21    6
        0.4489486939036 bend    5   20    6
        0.5550396291850 bend    8   21    6
       -0.5391502386821 bend    8   20    6
  13 k  1.0000000000000 stre    1   16           val=   2.63542
  14 k  1.0000000000000 stre    1    2           val=   2.65084
  15 k  1.0000000000000 stre    2    3           val=   2.64911
  16 k  1.0000000000000 stre    2    7           val=   2.84931
  17 k  1.0000000000000 stre    6    8           val=   3.03337
  18 k  1.0000000000000 bend    2   16    1      val= 120.90636
  19 k -0.8153852871016 bend    1    3    2      val=   1.80746
        0.4431212849355 bend    7    3    2
        0.3725457829790 bend    7    1    2
  20 k  0.0408302749228 bend    1    3    2      val=   0.36724
        0.6859357851541 bend    7    3    2
       -0.7265156483482 bend    7    1    2
  21 k  0.5774770317753 bend    1    3    2      val= 119.52342
        0.5771790237718 bend    7    3    2
        0.5773947109992 bend    7    1    2
  22 k  1.0000000000000 outp    7    1    3    2 val=  11.61836
  23 k  1.0000000000000 bend    2    4    3      val= 120.43432
  24 k  1.0000000000000 bend    8    5    6      val= 112.80252
  25 k  1.0000000000000 tors    5   16    1    2 val=   0.42083
  26 k  1.0000000000000 tors    3    2    1   16 val= 110.38600
        1.0000000000000 tors    7    2    1   16
  27 k  1.0000000000000 tors    4    3    2    1 val=  69.16935
        1.0000000000000 tors    4    3    2    7
  28 k  1.0000000000000 tors    9    7    2    1 val=   9.40641
        1.0000000000000 tors    9    7    2    3
  29 k  1.0000000000000 tors   10    8    6    5 val= -12.82238
        24 non zero eigenvalues  of BmBt
           1           3.263492077    1    0
         1
           2           2.927733040    2    0
         2
           3           2.175750419    3    0
         3
           4           2.101143533    4    0
         4
           5           2.074068370    5    0
         5
           6           1.586813664    6    0
         6
           7           1.376820146    7    0
         7
           8           1.236318235    8    0
         8
           9           1.175456041    9    0
         9
          10           0.740605435   10    0
        10
          11           0.528742251   11    0
        11
          12           0.461347721   12    0
        12
          13           1.640823000   13    0
        13
          14           1.446190272   14    0
        14
          15           0.937558583   15    0
        15
          16           0.564716972   16    0
        16
          17           0.313519381   17    0
        17
          18           0.726042974    0    0
         0.000000000         0.000000000         0.000000000         0.000000000
         0.000000000         0.000000000         0.000000000         0.000000000
         0.000000000         0.000000000         0.000000000         0.000000000
         0.000000000         0.000000000         0.000000000         0.000000000
         0.000000000         0.113136572         0.051034576        -0.029447516
        -0.129890662         0.907881975         0.140434217         0.350550135
         0.000000000         0.000000000         0.000000000         0.000000000
         0.000000000
          19           0.384305531    0    0
         0.000000000         0.000000000         0.000000000         0.000000000
         0.000000000         0.000000000         0.000000000         0.000000000
         0.000000000         0.000000000         0.000000000         0.000000000
         0.000000000         0.000000000         0.000000000         0.000000000
         0.000000000        -0.686678125        -0.004292020         0.284239844
         0.001367540        -0.008628671         0.669018087         0.000958557
         0.000000000         0.000000000         0.000000000         0.000000000
         0.000000000
          20           0.270952947    0    0
         0.000000000         0.000000000         0.000000000         0.000000000
         0.000000000         0.000000000         0.000000000         0.000000000
         0.000000000         0.000000000         0.000000000         0.000000000
         0.000000000         0.000000000         0.000000000         0.000000000
         0.000000000         0.327709168         0.868083284        -0.014400100
         0.004621192        -0.114212791         0.346671396        -0.074724670
         0.000000000         0.000000000         0.000000000         0.000000000
         0.000000000
          21           0.095255120    0    0
         0.000000000         0.000000000         0.000000000         0.000000000
         0.000000000         0.000000000         0.000000000         0.000000000
         0.000000000         0.000000000         0.000000000         0.000000000
         0.000000000         0.000000000         0.000000000         0.000000000
         0.000000000         0.198023520         0.024049887         0.955152818
        -0.008388432         0.058621201        -0.201541232        -0.061365335
         0.000000000         0.000000000         0.000000000         0.000000000
         0.000000000
          22           0.278777897    0    0
         0.000000000         0.000000000         0.000000000         0.000000000
         0.000000000         0.000000000         0.000000000         0.000000000
         0.000000000         0.000000000         0.000000000         0.000000000
         0.000000000         0.000000000         0.000000000         0.000000000
         0.000000000         0.000000000         0.000000000         0.000000000
         0.000000000         0.000000000         0.000000000         0.000000000
         0.642980845        -0.463443156        -0.439301252        -0.396001772
         0.148300641
          23           0.091647642    0    0
         0.000000000         0.000000000         0.000000000         0.000000000
         0.000000000         0.000000000         0.000000000         0.000000000
         0.000000000         0.000000000         0.000000000         0.000000000
         0.000000000         0.000000000         0.000000000         0.000000000
         0.000000000         0.000000000         0.000000000         0.000000000
         0.000000000         0.000000000         0.000000000         0.000000000
         0.282665249        -0.010173105        -0.386379295         0.702139153
        -0.526980565
          24           0.059286885    0    0
         0.000000000         0.000000000         0.000000000         0.000000000
         0.000000000         0.000000000         0.000000000         0.000000000
         0.000000000         0.000000000         0.000000000         0.000000000
         0.000000000         0.000000000         0.000000000         0.000000000
         0.000000000         0.000000000         0.000000000         0.000000000
         0.000000000         0.000000000         0.000000000         0.000000000
         0.071888619        -0.730259314         0.629377843         0.239631840
        -0.089518009
$user-defined bonds
$end
