$coord
    -2.372484902    -0.337721708     0.000000000     C 
     0.198570991     0.853531334     0.000000000     C 
     2.368488697    -0.434581173     0.000000000     C 
     2.384344227    -2.482954289     0.000000000     H 
     4.176084080     0.520737424     0.000000000     H 
     0.263637001     2.904875088     0.000000000     H 
    -2.233543351    -2.393618217     0.000000000     H 
    -3.454620911     0.241486072     1.659563034     H 
    -3.454620911     0.241486072    -1.659563034     H 
$end
